MN;09;0005;ATKINSON TWP;1;251;0;111;4;0;0;115
MN;09;0010;AUTOMBA TWP;1;87;0;27;2;0;0;29
MN;09;0015;BARNUM;1;275;0;0;60;0;0;60
MN;09;0020;BARNUM TWP;1;737;1;264;17;0;0;281
MN;09;0025;BESEMAN TWP;1;76;0;0;39;0;0;39
MN;09;0030;BLACKHOOF TWP;1;638;0;225;22;0;0;247
MN;09;0035;CARLTON;1;588;4;166;45;0;0;211
MN;09;0040;CLOQUET W-1;1;1530;6;458;43;0;0;501
MN;09;0045;CLOQUET W-2;1;1161;3;266;16;0;0;282
MN;09;0050;CLOQUET W-3;1;1334;6;338;20;0;0;358
MN;09;0055;CLOQUET W-4;1;1351;4;388;22;0;0;410
MN;09;0060;CLOQUET W-5 P-1;1;1189;12;399;46;0;0;445
MN;09;0065;CLOQUET W-5 P-2;1;321;1;70;1;0;0;71
MN;09;0068;CLEAR CREEK UNORG;1;96;0;0;51;0;0;51
MN;09;0070;CORONA UNORG;1;82;0;0;47;0;0;47
MN;09;0075;CROMWELL;1;123;0;0;42;0;0;42
MN;09;0080;EAGLE TWP;1;372;0;129;13;0;0;142
MN;09;0085;HOLYOKE TWP;1;140;1;0;73;0;0;73
MN;09;0090;KALEVALA TWP;1;178;0;0;90;0;0;90
MN;09;0095;KETTLE RIVER;1;100;0;0;37;0;0;37
MN;09;0100;LAKEVIEW TWP;1;124;0;65;0;0;0;65
MN;09;0105;MAHTOWA TWP;1;415;0;143;3;0;0;146
MN;09;0110;MOOSE LAKE;1;874;10;275;31;0;0;306
MN;09;0115;MOOSE LAKE TWP;1;616;5;224;17;0;0;241
MN;09;0118;PROGRESS UNORG;1;20;0;0;10;0;0;10
MN;09;0120;PERCH LAKE TWP;1;622;0;187;10;0;0;197
MN;09;0125;RED CLOVER UNORG;1;175;1;0;91;0;0;91
MN;09;0130;SAWYER UNORG;1;208;0;0;68;0;0;68
MN;09;0135;SCANLON;1;617;1;166;10;0;0;176
MN;09;0140;SILVER BROOK TWP;1;441;0;159;5;0;0;164
MN;09;0145;SILVER TWP;1;279;0;129;7;0;0;136
MN;09;0150;SKELTON TWP;1;254;0;98;5;0;0;103
MN;09;0155;SPLIT ROCK TWP;1;86;0;0;57;0;0;57
MN;09;0165;THOMSON TWP;1;3376;12;967;90;0;0;1057
MN;09;0170;TWIN LAKES TWP;1;1408;3;479;51;0;0;530
MN;09;0175;WRENSHALL;1;281;0;0;127;0;0;127
MN;09;0180;WRENSHALL TWP;1;305;0;0;156;0;0;156
MN;09;0185;WRIGHT;1;58;0;0;17;0;0;17
MN;33;0010;ARTHUR TWP.;1;1113;7;287;43;0;0;330
MN;33;0015;BRAHAM;1;0;0;0;0;0;0;0
MN;33;0020;BRUNSWICK TWP.;1;802;4;205;14;0;0;219
MN;33;0025;COMFORT TWP.;1;675;1;181;35;0;0;216
MN;33;0035;GRASS LAKE TWP.;1;576;1;162;19;0;0;181
MN;33;0040;GRASSTON;1;76;0;16;0;0;0;16
MN;33;0060;KNIFE LAKE TWP.;1;753;4;204;27;0;0;231
MN;33;0065;KROSCHEL TWP.;1;129;0;64;3;0;0;67
MN;33;0070;MORA;1;1947;1;451;48;0;0;499
MN;33;0090;POMROY TWP.;1;238;3;105;7;0;0;112
MN;33;0095;QUAMBA;1;62;0;23;0;0;0;23
MN;33;0105;WHITED TWP.;1;568;2;174;19;0;0;193
MN;58;0005;ARLONE TWP.;1;204;0;87;6;0;0;93
MN;58;0010;ARNA TWP.;1;66;0;18;0;0;0;18
MN;58;0015;ASKOV;1;182;0;79;2;0;0;81
MN;58;0020;BARRY TWP.;1;317;0;99;10;0;0;109
MN;58;0025;BIRCH CREEK TWP.;1;144;0;55;3;0;0;58
MN;58;0030;BREMEN TWP.;1;157;0;51;9;0;0;60
MN;58;0035;BROOK PARK;1;48;0;0;12;0;0;12
MN;58;0040;BROOK PARK TWP.;1;245;0;69;6;0;0;75
MN;58;0045;BRUNO;1;44;0;0;30;0;0;30
MN;58;0050;BRUNO TWP.;1;93;0;0;51;0;0;51
MN;58;0055;CHENGWATANA TWP.;1;570;0;193;16;0;0;209
MN;58;0060;CLOVER TWP.;1;266;0;81;8;0;0;89
MN;58;0065;CROSBY TWP.;1;59;0;23;6;0;0;29
MN;58;0070;DANFORTH TWP.;1;53;0;0;29;0;0;29
MN;58;0075;DELL GROVE TWP.;1;453;0;175;7;0;0;182
MN;58;0080;DENHAM;1;16;0;0;8;0;0;8
MN;58;0085;FINLAYSON;1;159;0;66;3;0;0;69
MN;58;0090;FINLAYSON TWP.;1;266;0;127;7;0;0;134
MN;58;0095;FLEMING TWP.;1;76;0;0;38;0;0;38
MN;58;0100;HENRIETTE;1;28;0;0;11;0;0;11
MN;58;0105;HINCKLEY;1;785;6;262;8;0;0;270
MN;58;0110;HINCKLEY TWP.;1;453;1;204;15;0;0;219
MN;58;0115;KERRICK;1;32;0;0;18;0;0;18
MN;58;0120;KERRICK TWP.;1;174;0;0;105;0;0;105
MN;58;0125;KETTLE RIVER TWP.;1;322;1;125;5;0;0;130
MN;58;0135;MISSION CREEK TWP.;1;316;0;121;4;0;0;125
MN;58;0140;MUNCH TWP.;1;182;0;44;9;0;0;53
MN;58;0145;NEW DOSEY TWP.;1;41;0;0;18;0;0;18
MN;58;0150;NICKERSON TWP.;1;96;0;0;51;0;0;51
MN;58;0155;NORMAN TWP.;1;181;0;78;7;0;0;85
MN;58;0160;OGEMA TWP.;1;173;0;42;5;0;0;47
MN;58;0165;PARK TWP.;1;21;0;0;14;0;0;14
MN;58;0170;PARTRIDGE TWP.;1;398;0;188;13;0;0;201
MN;58;0175;PINE CITY;1;1608;0;494;66;0;0;560
MN;58;0185;PINE CITY TWP.;1;860;0;312;24;0;0;336
MN;58;0190;PINE LAKE TWP.;1;347;0;156;5;0;0;161
MN;58;0195;POKEGAMA TWP.;1;1746;0;516;63;0;0;579
MN;58;0200;ROCK CREEK;1;947;0;277;27;0;0;304
MN;58;0205;ROYALTON TWP.;1;681;0;199;25;0;0;224
MN;58;0207;RUTLEDGE;1;101;0;36;4;0;0;40
MN;58;0210;SANDSTONE;1;692;0;213;12;0;0;225
MN;58;0215;SANDSTONE TWP.;1;440;0;177;11;0;0;188
MN;58;0221;STURGEON LAKE P-1;1;239;0;86;5;0;0;91
MN;58;0223;STURGEON LAKE P-2;1;3;0;0;0;0;0;0
MN;58;0225;STURGEON LAKE TWP.;1;192;0;99;0;0;0;99
MN;58;0230;WILLOW RIVER;1;203;0;67;7;0;0;74
MN;58;0235;WILMA TWP.;1;55;0;25;1;0;0;26
MN;58;0240;WINDEMERE TWP.;1;1120;0;396;35;0;0;431
MN;69;0025;ARROWHEAD TWP.;1;122;0;34;0;0;0;34
MN;69;0070;BREVATOR TWP.;1;708;3;189;3;0;0;192
MN;69;0075;BROOKSTON;1;47;0;11;0;0;0;11
MN;69;0135;CULVER TWP.;1;147;0;41;1;0;0;42
MN;69;0925;STONEY BROOK TWP.;1;167;0;45;0;0;0;45
